26  5 37  1 61 11 59 15 48 19 
-------------------------------
(0,9) 26 :
26  5 37  1 61 11 59 15 48 19 
26  5 19  1 61 11 59 15 48 37 
26  5 19  1 15 11 59 61 48 37 
11  5 19  1 15 26 59 61 48 37 
-------------------------------
(0,4) 11 :
11  5 19  1 15 26 59 61 48 37 
11  5  1 19 15 26 59 61 48 37 
 1  5 11 19 15 26 59 61 48 37 
-------------------------------
(0,1)  1 :
 1  5 11 19 15 26 59 61 48 37 
 1  5 11 19 15 26 59 61 48 37 
-------------------------------
(3,4) 19 :
 1  5 11 19 15 26 59 61 48 37 
 1  5 11 15 19 26 59 61 48 37 
-------------------------------
(6,9) 59 :
 1  5 11 15 19 26 59 61 48 37 
 1  5 11 15 19 26 59 37 48 61 
 1  5 11 15 19 26 48 37 59 61 
-------------------------------
(6,7) 48 :
 1  5 11 15 19 26 48 37 59 61 
 1  5 11 15 19 26 37 48 59 61 
-------------------------------
 1  5 11 15 19 26 37 48 59 61 
